0
0,0,0,0,0,0,
0,0,0,0,0,0,
0,0,0,0,0,0,
0,0,0,0,0,0,
0,0,0,0,0,0,
1
0.135822,2.58565e-14,-0.653588,-0.013524,2.53687e-14,2.02963e-15,
0.220368,6.79148e-14,-1.7214,-0.0416154,8.81425e-14,-7.63278e-16,
0.300277,1.90397e-14,-3.19805,-0.0869755,8.75402e-14,3.29597e-15,
0.37554,4.80619e-14,-5.00529,-0.148227,5.89576e-13,2.17881e-14,
0.446035,1.39167e-13,-7.06508,-0.22385,-1.62128e-13,-5.23886e-14,
2
0.111542,7.56693e-13,-1.7924,-0.0166515,-1.20969e-12,-1.21048e-13,
0.17703,1.1282e-12,-4.55905,-0.0171567,-1.75884e-13,-7.70655e-13,
0.236081,9.8861e-13,-8.18976,-0.0194523,-6.70164e-12,-1.22485e-12,
0.289356,1.10598e-12,-12.409,-0.0230829,-8.94051e-13,-3.00755e-12,
0.337358,1.29729e-12,-16.9826,-0.027457,-2.41364e-11,-3.04123e-12,
3
0.0364347,4.33577e-12,-1.79603,-0.0166521,3.60467e-12,7.19265e-13,
0.0601387,9.05398e-12,-4.54819,-0.0151145,-7.67223e-13,-2.39893e-12,
0.0838756,1.28605e-11,-8.296,-0.0140826,1.03548e-11,4.49246e-12,
0.107491,1.50547e-11,-12.9244,-0.0132737,1.8523e-12,-4.13554e-11,
0.130701,2.1437e-11,-18.3314,-0.0124484,-3.65247e-11,3.6864e-12,