0
0,0,0,0,0,0,
0,0,0,0,0,0,
0,0,0,0,0,0,
0,0,0,0,0,0,
0,0,0,0,0,0,
1
0.0658021,0.036535,-0.153352,-0.0127142,-9.75782e-18,-2.60209e-17,
0.109107,0.0727412,-0.421628,-0.0389686,6.50521e-17,5.20417e-17,
0.151957,0.108646,-0.81785,-0.082225,2.37982e-16,1.38778e-16,
0.194356,0.1443,-1.33794,-0.142012,-1.21431e-16,-6.93889e-17,
0.236308,0.179788,-1.97793,-0.217839,1.68051e-16,-3.46945e-16,
2
0.0745736,0.0139243,-0.742252,-0.0173281,-2.54996e-14,5.12227e-15,
0.121394,0.0205455,-1.96567,-0.0189585,1.51798e-13,3.10699e-14,
0.166124,0.0283502,-3.69556,-0.0231523,-4.65012e-13,1.24307e-14,
0.209026,0.0373091,-5.87712,-0.0299329,1.57246e-12,-1.08221e-13,
0.250354,0.0484496,-8.46604,-0.0396697,-8.62616e-13,-4.59703e-14,
3
0.0351329,0.000677976,-1.81125,-0.0166776,9.34059e-13,1.18594e-12,
0.0582359,0.00164773,-4.5453,-0.015227,8.82731e-12,-2.42288e-12,
0.0813261,0.00295234,-8.21661,-0.0142957,5.45133e-15,-3.90246e-12,
0.104451,0.00435973,-12.7196,-0.0134566,-1.68188e-11,1.63017e-12,
0.127558,0.00566465,-17.9938,-0.0124136,1.60771e-11,1.3611e-11,