----------ref: 0----------
0,0,0,0,0,0,
0,0,0,0,0,0,
0,0,0,0,0,0,
0,0,0,0,0,0,
0,0,0,0,0,0,
----------ref: 1----------
0.0058541,5.25242e-18,-0.000609253,-0.00405805,0,1.6263e-18,
0.00972934,3.78362e-18,-0.00168284,-0.00399786,-5.42101e-19,2.71051e-19,
0.0135853,5.36213e-18,-0.00328107,-0.00393856,-2.71051e-18,-4.33681e-18,
0.0174221,4.59436e-18,-0.00539606,-0.00388014,2.1684e-18,-3.79471e-18,
0.0212397,3.5549e-18,-0.00802003,-0.00382259,3.25261e-18,6.50521e-18,
----------ref: 2----------
0.00280958,0.0107121,-0.00973676,-0.017963,-1.60212e-14,-3.62099e-16,
0.00291514,0.0104884,-0.0104313,-0.0179242,5.90021e-14,1.1319e-15,
0.00307027,0.0102726,-0.0114722,-0.0178846,-1.25077e-13,1.49305e-16,
0.00326727,0.0100648,-0.0128593,-0.0178441,-9.36733e-14,-2.054e-15,
0.00349844,0.00986519,-0.0145924,-0.0178027,2.5418e-13,4.00157e-15,
----------ref: 3----------
0.000508355,0.000147357,-0.0166153,-0.0186966,6.11735e-14,-3.04249e-14,
0.000817112,0.000164836,-0.01812,-0.0186938,2.81121e-13,6.37486e-14,
0.00113061,0.000192827,-0.0203749,-0.0186896,-3.67807e-13,6.54319e-14,
0.00144438,0.000227438,-0.0233778,-0.0186841,-1.04612e-12,9.64613e-14,
0.00175676,0.000265986,-0.0271262,-0.0186773,1.45084e-12,6.32671e-14,