0
0,0,0,0,0,0,
0,0,0,0,0,0,
0,0,0,0,0,0,
0,0,0,0,0,0,
0,0,0,0,0,0,
1
7.99799e-14,0.0365347,-0.329435,-0.012714,-1.19875e-14,2.06212e-15,
4.13112e-14,0.0727503,-0.87826,-0.03897,-9.12573e-15,3.94633e-15,
5.76439e-14,0.108705,-1.65004,-0.0822275,-7.36878e-15,-5.44708e-15,
9.52876e-14,0.144517,-2.61432,-0.141987,-6.46889e-15,1.31488e-14,
1.29301e-13,0.180388,-3.74392,-0.217668,-1.1164e-14,1.05979e-14,
2
8.13765e-13,0.0143946,-0.696049,-0.0174301,1.26473e-13,3.33124e-13,
1.28169e-12,0.021898,-1.7363,-0.0194386,1.04767e-12,2.92184e-13,
6.52806e-13,0.0294534,-3.07373,-0.0237974,-2.8661e-13,2.92311e-13,
6.28566e-13,0.0386698,-4.60991,-0.0309751,1.22104e-12,2.70877e-13,
8.33846e-13,0.0508427,-6.27482,-0.0414438,3.79059e-13,2.61055e-13,
3
1.10738e-11,0.000716159,-1.30256,-0.0166802,2.65551e-12,8.3757e-14,
1.30712e-11,0.00169093,-3.08438,-0.0152381,7.74018e-12,-2.68211e-12,
1.41979e-11,0.0029528,-5.31366,-0.0142929,-4.82676e-12,1.11963e-11,
1.6213e-11,0.00438762,-7.89436,-0.0133877,2.59755e-11,-8.34206e-13,
1.24327e-11,0.00598377,-10.7685,-0.0122343,2.32188e-11,3.99609e-13,