----------ref: 0----------
0,0,0,0,0,0,
0,0,0,0,0,0,
0,0,0,0,0,0,
0,0,0,0,0,0,
0,0,0,0,0,0,
----------ref: 1----------
1.16554e-14,5.55207e-18,-0.00147976,-0.00405805,-1.7293e-16,-1.15178e-14,
1.38684e-14,4.76746e-17,-0.00411045,-0.00399786,3.54371e-15,-1.09216e-14,
1.53547e-14,9.88488e-17,-0.00805648,-0.00393856,-8.02852e-16,-1.19536e-14,
2.2179e-14,1.40254e-16,-0.0133179,-0.00388014,-3.1366e-15,-1.21343e-14,
1.29538e-14,1.81344e-16,-0.0198946,-0.00382259,-4.0354e-15,-1.19489e-14,
----------ref: 2----------
1.37471e-14,0.0107124,-0.00955986,-0.017963,5.75279e-14,-1.1671e-16,
1.10771e-14,0.0104895,-0.0102784,-0.0179243,1.10229e-13,2.23655e-15,
1.85848e-14,0.010275,-0.0113542,-0.0178846,9.89748e-14,5.66961e-15,
1.25331e-14,0.010069,-0.0127871,-0.0178441,-2.54534e-13,3.28234e-15,
1.48503e-14,0.00987175,-0.0145772,-0.0178026,2.59911e-13,1.14181e-14,
----------ref: 3----------
1.7677e-13,0.000147404,-0.0165698,-0.0186966,-4.90631e-14,1.7768e-14,
1.93901e-13,0.000165035,-0.0179993,-0.0186938,-3.0686e-13,9.95378e-14,
1.7083e-13,0.000193231,-0.0201416,-0.0186896,3.98429e-13,1.25201e-13,
1.71916e-13,0.000228058,-0.0229951,-0.0186841,-4.06984e-14,6.46117e-14,
1.65507e-13,0.000266816,-0.0265572,-0.0186773,-8.96039e-13,-7.30325e-14,