0
0,0,0,0,0,0,
0,0,0,0,0,0,
0,0,0,0,0,0,
0,0,0,0,0,0,
0,0,0,0,0,0,
1
0.0658021,0.036535,-0.153352,-0.0127142,2.71051e-19,-1.73472e-17,
0.109107,0.0727414,-0.421628,-0.0389688,-4.33681e-18,-8.67362e-18,
0.151957,0.108647,-0.81785,-0.0822263,-1.45283e-16,5.20417e-17,
0.194356,0.144303,-1.33794,-0.142017,-3.5345e-16,0,
0.236308,0.179795,-1.97793,-0.217855,3.06829e-16,2.08167e-16,
2
0.0745736,0.0141786,-0.742252,-0.0173818,-1.6521e-13,-2.42691e-15,
0.121394,0.021485,-1.96567,-0.0192477,1.82673e-13,9.14304e-15,
0.166122,0.0294996,-3.69555,-0.0235812,5.01543e-13,-1.15063e-13,
0.209019,0.0385517,-5.87705,-0.0304482,-1.76806e-12,-2.40812e-13,
0.250327,0.0499431,-8.46575,-0.040389,3.2286e-13,-4.61424e-13,
3
0.0351329,0.000678761,-1.81125,-0.0166776,2.16653e-12,-8.03627e-13,
0.0582359,0.00164049,-4.5453,-0.0152259,2.32451e-12,-1.86819e-12,
0.0813267,0.00284751,-8.21661,-0.0142706,-6.88131e-12,1.66196e-12,
0.104455,0.00413262,-12.7196,-0.0133965,-2.39169e-11,-1.24325e-11,
0.127577,0.00545612,-17.9934,-0.0123456,-5.12146e-12,-7.47396e-12,