----------ref: 0----------
0,0,0,0,0,0,
0,0,0,0,0,0,
0,0,0,0,0,0,
0,0,0,0,0,0,
0,0,0,0,0,0,
----------ref: 1----------
0.0058541,3.99808e-18,-0.000609253,-0.00405805,0,1.6263e-18,
0.00972934,5.13622e-18,-0.00168284,-0.00399786,2.71051e-18,1.6263e-18,
0.0135853,6.92222e-18,-0.00328107,-0.00393856,1.6263e-18,-3.79471e-18,
0.0174221,4.46664e-18,-0.00539606,-0.00388014,2.1684e-18,5.42101e-19,
0.0212397,5.06634e-18,-0.00802003,-0.00382259,-3.25261e-18,-9.75782e-18,
----------ref: 2----------
0.00280958,0.0107082,-0.00973676,-0.0179628,-8.50323e-14,-2.7194e-15,
0.00291514,0.0104865,-0.0104313,-0.0179249,3.33858e-14,-4.52128e-15,
0.00307028,0.0102726,-0.0114722,-0.0178858,7.56592e-14,-1.30498e-15,
0.00326728,0.0100665,-0.0128593,-0.0178455,-6.89043e-14,-3.79857e-15,
0.00349844,0.00986826,-0.0145924,-0.017804,-2.41874e-13,-9.02591e-15,
----------ref: 3----------
0.000508354,0.000145001,-0.0166153,-0.0186965,5.42902e-14,3.36628e-14,
0.000817113,0.0001948,-0.01812,-0.0186945,5.69025e-13,1.3409e-13,
0.00113062,0.000258204,-0.0203749,-0.0186912,2.16357e-14,1.96113e-13,
0.0014444,0.000327527,-0.0233779,-0.0186866,8.74627e-13,3.0951e-13,
0.00175681,0.000400139,-0.0271262,-0.0186807,8.72923e-13,4.18083e-13,