----------ref: 0----------
0,0,0,0,0,0,
0,0,0,0,0,0,
0,0,0,0,0,0,
0,0,0,0,0,0,
0,0,0,0,0,0,
----------ref: 1----------
0.0122117,3.96527e-15,-0.00265111,-0.00411915,-2.37397e-15,-6.55942e-17,
0.0198453,3.32742e-15,-0.00700156,-0.00411915,-1.29809e-14,-2.03288e-16,
0.0271423,5.07087e-15,-0.013097,-0.00411915,-9.94055e-15,1.0842e-17,
0.0341175,2.40531e-15,-0.0206934,-0.00411915,-4.14715e-14,3.79471e-16,
0.040785,3.23237e-15,-0.0295719,-0.00411915,-9.1712e-15,3.26345e-16,
----------ref: 2----------
0.00275746,7.68986e-13,-0.00973787,-0.0177073,-6.05771e-14,2.32143e-14,
0.0028226,2.25234e-13,-0.0104515,-0.0177058,9.11818e-14,4.07572e-14,
0.00293682,2.04088e-13,-0.0115272,-0.0177033,2.64768e-14,5.56763e-14,
0.00309075,2.42657e-13,-0.0129641,-0.0176998,-1.72312e-14,6.21742e-14,
0.00327545,2.30564e-13,-0.0147612,-0.0176953,3.1143e-13,7.85644e-14,
----------ref: 3----------
0.000512475,3.41708e-12,-0.0166161,-0.0186968,2.45628e-13,6.04229e-15,
0.000813655,3.85342e-12,-0.0181182,-0.0186955,3.58486e-13,4.99602e-14,
0.00111148,4.56414e-12,-0.0203643,-0.0186933,8.64356e-14,1.70217e-14,
0.00140192,1.1598e-11,-0.0233498,-0.0186904,-4.08348e-13,1.02553e-14,
0.00168375,5.2286e-12,-0.0270693,-0.0186866,-1.01585e-12,8.03504e-14,